   1            "a" 5455  9597.208008 9715.569336 11986.795898
   2            "b"  854  2479.108154 1950.384521 3269.626465
   3            "c"  558  2786.634033 1151.119507 1033.896729
   4            "d"  991  4030.395020 2818.264404 4276.088867
   5            "e"  193  541.984802 415.127625 970.944702
   6            "g"  885  1660.204834 1309.014038 4350.021484
   7            "h" 2045  4069.131104 3529.295410 15731.361328
   8            "i" 1341  1862.192383 1860.741577 2407.799316
   9            "j"  613  2649.445801 2422.274414 2140.113525
  10            "k" 2362  10072.514648 7232.266113 5516.611816
  11            "l"  969  3975.679443 3030.984131 2841.418213
  12            "m" 1372  2074.011963 2122.649170 3731.215332
  13            "n" 2039  3689.684570 3332.124512 5936.872559
  14            "o"  953  2905.942871 4001.490479 5181.851074
  15            "p" 1122  4270.005859 3694.571045 4283.498047
  16            "r" 2258  4259.437988 3989.772705 6563.479980
  17            "s" 1544  9957.487305 10045.344727 7170.476074
  18            "t" 1399  4415.204102 2759.505615 2553.367920
  19            "u" 1007  1973.806152 2256.189697 3680.932129
  20            "v"   24   37.745476  43.985291  62.838936
  21            "w"  713  1037.693359 1014.164429 1757.133301
  22            "y"  934  1592.498901 1245.155396 2858.293213
  23            "z"   18   35.850731  22.468910  83.458473
  24           "aa" 3588  10655.304688 8969.032227 21631.769531
  25           "ai"    6   17.461115  23.683399  39.776798
  26           "au"   49  112.875618 139.836502 198.526016
  27           "ax"    6   65.379578  46.091328  25.743128
  28           "bh"  395  1236.893555 1261.184570 1273.009888
  29           "cc"   30  250.379959 106.276978 159.260239
  30           "ch"  111  412.496857 396.971008 632.305664
  31           "dh"  296  1539.221069 443.901276 913.963379
  32           "dx"  235  484.458832 393.400482 463.174591
  33           "ee" 2086  6034.523438 3987.291260 13337.752930
  34           "ei" 1187  3316.217529 2411.532715 19676.050781
  35           "en"    6   21.607666  60.502823  44.970455
  36           "gh"  233  616.541687 493.825500 3562.631836
  37           "ii" 1962  8893.229492 6307.270508 14099.412109
  38           "jh"  128  296.623718 276.427917 340.278442
  39           "jj"    6   89.550591  34.438404 138.550873
  40           "kh"  479  1886.833374 1506.053101 1365.340820
  41           "kk"   14  100.905731  60.978443  99.475311
  42           "la"    6  130.275269  26.574699  14.206503
  43           "ll"    6  130.731720 109.470551  14.255928
  44           "mm"    6   21.766291  22.299576  99.346825
  45           "mq"   12  147.060394 124.755257  48.817848
  46           "ng"  231  936.620728 1068.518433 1361.395386
  47           "nj"  133  343.606842 214.340286 954.281189
  48           "nx"  241  853.067017 855.118103 1085.918335
  49           "on"  223  902.353271 643.500488 1000.435486
  50           "oo"   36  119.912590  95.578590 109.215263
  51           "ou"  393  1639.626099 2264.718994 2744.838379
  52           "ph"  145  1374.572266 514.505432 1232.360352
  53           "rr"    6   78.038506  63.801277  39.209450
  54           "sh"  390  1396.869385 2750.381592 1804.273926
  55           "ss"   12   83.590210  37.654190 140.609299
  56           "sx"  187  2040.844482 484.072021 1255.571289
  57           "th"  255  541.843201 492.286224 3021.351074
  58           "tt"   24  153.216675  81.298462 335.279999
  59           "tw"   12   64.993355  49.193314 201.173996
  60           "tx"  397  531.904053 503.526672 3077.996094
  61           "uu"  405  1390.182861 1618.927124 1838.350464
  62         "cchx"    6   30.644712  42.099106  49.692448
  63         "ttxh"    6   75.981102  44.067291  39.496319
  64          "aan"  243  422.042725 385.250122 1311.337524
  65          "axx"  127  269.309540 268.867462 2556.109375
  66         "dxhq"  128  683.588074 461.830933 1095.103882
  67          "cch"    6   60.017155  58.267254 260.634491
  68          "ccx"    6   93.525330  54.563313 202.384857
  69          "ddh"    6   31.539524  16.687817  91.055695
  70          "ddx"   12   98.755066  40.676865 115.268234
  71          "dxh"   37  194.576172  96.746696 382.174774
  72          "dxq"   61  166.539673 158.136765 359.542938
  73          "ein"    6   44.366257  17.937418  29.644051
  74          "iin"   24  107.151764  98.680328 174.525009
  75          "jhq"    6  118.468163  44.729309  61.674648
  76          "sil" 1820  137419.921875 30730.580078 20107.681641
  77          "ttx"    6   95.635437  35.722733 128.624237
  78          "txh"  122  213.338165 198.832031 504.804810
  79          "uun"    6   33.724991  71.560188  46.892994
