   1            "a" 5455  9662.363281 12799.130859 11931.425781
   2            "b"  854  3151.573730 1658.493408 1432.730957
   3            "c"  558  2444.758789 1724.334717 1296.679199
   4            "d"  991  4098.881348 2104.246582 1502.337402
   5            "e"  193  608.935181 813.842834 1158.751587
   6            "g"  885  1585.356445 2228.694824 5886.497070
   7            "h" 2045  5210.461914 5886.832520 11782.045898
   8            "i" 1341  4610.575195 2198.914551 2990.154541
   9            "j"  613  2268.190674 2060.812744 1599.748413
  10            "k" 2362  8923.321289 4615.394043 3385.211426
  11            "l"  969  3019.516113 1375.891724 2135.031006
  12            "m" 1372  4029.012207 3479.014648 3284.275879
  13            "n" 2039  4317.056152 4429.924316 5284.392578
  14            "o"  953  2643.873047 3959.969238 4938.248047
  15            "p" 1122  4756.974121 2445.678223 2877.864014
  16            "r" 2258  3762.807373 4284.693359 8290.610352
  17            "s" 1544  7931.532715 7834.527344 4012.583008
  18            "t" 1399  5261.479004 2226.245850 2623.872803
  19            "u" 1007  2295.396240 2470.698486 4053.587402
  20            "v"   24   74.690407  82.850594  77.665787
  21            "w"  713  1436.899902 1609.370605 2072.194580
  22            "y"  934  1416.461914 3101.721436 2991.657471
  23            "z"   18   27.056484  52.817455 125.297714
  24           "aa" 3588  12110.622070 15085.623047 19263.884766
  25           "ai"    6   47.672970  29.148111   6.004684
  26           "au"   49  135.366638 219.983307 311.023987
  27           "ax"    6   42.669575  36.420765  18.848085
  28           "bh"  395  1606.471436 1043.518066 827.653442
  29           "cc"   30  168.187607  80.509102  48.486156
  30           "ch"  111  464.356140 440.605347 389.505676
  31           "dh"  296  1459.366699 736.643250 1113.608521
  32           "dx"  235  376.680389 398.051544 690.951538
  33           "ee" 2086  9491.927734 7783.258301 13620.354492
  34           "ei" 1187  5959.800781 6251.227051 16213.482422
  35           "en"    6   15.873727  27.266884  41.661808
  36           "gh"  233  770.428101 654.591003 603.877197
  37           "ii" 1962  6159.637695 9556.060547 13629.949219
  38           "jh"  128  218.207550 242.154770 412.146393
  39           "jj"    6   62.921894  27.101934  31.063314
  40           "kh"  479  1670.807007 1292.036377 1052.630737
  41           "kk"   14  153.059814  71.346428  59.055214
  42           "la"    6   21.412275  21.280973  12.671839
  43           "ll"    6   35.530449  48.021103  20.876423
  44           "mm"    6   27.316555  13.510262  52.619694
  45           "mq"   12  110.748833 173.673782  52.919350
  46           "ng"  231  605.669922 461.954254 337.236389
  47           "nj"  133  226.291519 255.567368 272.400360
  48           "nx"  241  330.995605 347.042542 610.065674
  49           "on"  223  434.010681 760.185120 1232.629517
  50           "oo"   36   85.678841  95.910866 185.304962
  51           "ou"  393  1504.242554 2353.527344 1219.619141
  52           "ph"  145  665.973022 319.338409 853.821106
  53           "rr"    6  109.265869  54.629452  30.998447
  54           "sh"  390  1270.757690 2281.102783 1840.238037
  55           "sp"    0  38286.820312
  56           "ss"   12   46.774899  21.985336  13.063981
  57           "sx"  187  1848.733521 777.473633 894.016357
  58           "th"  255  897.888733 1205.291138 1384.216553
  59           "tt"   24  125.025780 142.512558 268.270538
  60           "tw"   12   50.940067  41.804352  45.504734
  61           "tx"  397  1198.564453 981.872559 735.108337
  62           "uu"  405  1722.777222 1504.092896 1367.114868
  63         "cchx"    6   32.176720  38.132286  25.253384
  64         "ttxh"    6   25.636892  29.146235  46.205929
  65          "aan"  243  450.382477 776.575134 2784.804932
  66          "axx"  127  297.791412 308.878845 1342.209351
  67         "dxhq"  128  641.060974 779.388611 649.452881
  68          "cch"    6   44.336605  46.995941  73.983307
  69          "ccx"    6   23.104921  72.337265 130.983994
  70          "ddh"    6   25.426899  21.135096  27.091169
  71          "ddx"   12   20.864616 100.460709  55.866806
  72          "dxh"   37  135.140106  73.753075 295.434113
  73          "dxq"   61  201.132843 142.075500 230.980774
  74          "ein"    6   45.798172  28.410912  23.512732
  75          "iin"   24   62.108402 117.212273 260.271729
  76          "jhq"    6  103.053795  31.915056  28.947353
  77          "sil" 1820  130519.437500 38286.820312 23544.785156
  78          "ttx"    6   80.834595  22.134922  73.722168
  79          "txh"  122  443.329468 381.022797 488.523956
  80          "uun"    6   24.463501  44.118511  20.320505
