   1            "a" 5455  10750.021484 11047.456055 13072.631836
   2            "b"  854  3045.231201 1551.382080 2051.273193
   3            "c"  558  2865.461914 1790.607666 760.000854
   4            "d"  991  4057.924561 2444.618652 2292.709717
   5            "e"  193  608.217529 668.682861 1147.709961
   6            "g"  885  2235.004150 1233.858887 5432.535645
   7            "h" 2045  5093.947754 4908.139160 12982.664062
   8            "i" 1341  2764.856201 2050.429199 2787.684570
   9            "j"  613  2645.093994 2173.434814 1841.037231
  10            "k" 2362  10050.989258 5292.244141 4130.543457
  11            "l"  969  3424.439453 2667.006348 2592.324463
  12            "m" 1372  2687.465088 3053.414307 4232.618164
  13            "n" 2039  4221.602539 4096.145020 6200.592285
  14            "o"  953  2964.884766 3813.626465 5827.182617
  15            "p" 1122  4388.272949 2832.561768 3283.390137
  16            "r" 2258  4132.179688 4023.674072 7292.877930
  17            "s" 1544  10356.697266 7216.714844 4704.664062
  18            "t" 1399  4198.804199 2532.995361 2562.975098
  19            "u" 1007  2258.039551 2329.861084 4506.281738
  20            "v"   24   49.068962  60.497772  73.163017
  21            "w"  713  1111.308594 1269.267578 1906.547119
  22            "y"  934  1452.793579 1425.669922 2852.803467
  23            "z"   18   21.133919  28.174971 103.892815
  24           "aa" 3588  12622.382812 13001.029297 19881.617188
  25           "ai"    6   32.800777  31.658379  36.004189
  26           "au"   49  176.659012 181.368164 281.872681
  27           "ax"    6   45.014496  26.784571   9.273965
  28           "bh"  395  1547.062744 1252.226929 1044.927612
  29           "cc"   30  213.941437 104.642471  62.073410
  30           "ch"  111  449.376770 431.798035 464.026825
  31           "dh"  296  1421.387695 574.572815 1204.959473
  32           "dx"  235  449.709778 411.795258 488.461761
  33           "ee" 2086  9562.873047 5780.776855 13882.470703
  34           "ei" 1187  4912.689453 3523.915283 15332.208008
  35           "en"    6   19.704294  60.202492  45.081020
  36           "gh"  233  592.418091 509.999115 1268.767212
  37           "ii" 1962  7225.225098 8495.166016 13234.503906
  38           "jh"  128  186.755753 174.805344 248.170090
  39           "jj"    6   46.791351  29.089045  26.766905
  40           "kh"  479  1319.396606 1110.378174 1152.584717
  41           "kk"   14   99.154099  66.767960  66.458931
  42           "la"    6   25.222931   7.386489   7.089518
  43           "ll"    6   65.894539  70.413185   6.026410
  44           "mm"    6   17.968742  17.827858  96.913696
  45           "mq"   12  131.696045 163.071198  40.546909
  46           "ng"  231  697.345459 531.058960 372.280151
  47           "nj"  133  314.225586 203.400131 889.331848
  48           "nx"  241  450.675751 507.600861 742.897827
  49           "on"  223  547.430298 687.040283 1059.605225
  50           "oo"   36  112.236801  88.086174 119.171707
  51           "ou"  393  1380.850098 2850.332031 1227.895996
  52           "ph"  145  979.915710 246.612656 877.928955
  53           "rr"    6   85.303665  61.184349  35.020508
  54           "sh"  390  1430.492798 2515.361084 2037.736572
  55           "sp"    0  31247.589844
  56           "ss"   12   88.901253  38.794746 109.369942
  57           "sx"  187  2338.884766 644.437195 919.748291
  58           "th"  255  583.111511 598.573303 2517.048584
  59           "tt"   24  102.492241 134.707306 263.356567
  60           "tw"   12   69.993690  52.160698  44.129452
  61           "tx"  397  666.791321 552.637085 2140.589111
  62           "uu"  405  1550.274780 1641.006958 1606.218262
  63         "cchx"    6   32.088665  40.694462  64.280304
  64         "ttxh"    6   68.427986  41.204445  49.204704
  65          "aan"  243  531.425781 526.927917 2013.162476
  66          "axx"  127  300.132996 342.515717 1443.929810
  67         "dxhq"  128  647.189636 744.231506 1149.851562
  68          "cch"    6   44.572968  53.260685  88.284683
  69          "ccx"    6   37.757526  52.798183 188.799255
  70          "ddh"    6   28.047161  19.122063  18.432297
  71          "ddx"   12   79.619370  55.851700  94.376991
  72          "dxh"   37  169.187225  88.644417 277.336945
  73          "dxq"   61  140.235413 147.299255 292.879120
  74          "ein"    6   42.835098  21.268660  30.159174
  75          "iin"   24   80.941269 119.087143 173.453064
  76          "jhq"    6  125.178802  38.003838  14.616246
  77          "sil" 1820  140339.359375 31247.589844 21310.439453
  78          "ttx"    6  101.050850  28.170525 113.021767
  79          "txh"  122  297.390564 255.095062 477.341827
  80          "uun"    6   22.503513  52.518589  22.215916
