   1            "a" 5455  9458.859375 9448.941406 11242.296875
   2            "b"  854  1983.244019 2280.002930 3441.565918
   3            "c"  558  1271.960327 1054.633057 1269.737427
   4            "d"  991  5291.563477 4566.751465 10386.998047
   5            "e"  193  433.342194 426.852478 830.098206
   6            "g"  885  1493.803101 1494.755005 2244.932129
   7            "h" 2045  3244.243164 3224.688721 11752.201172
   8            "i" 1341  2061.739014 2067.967529 2461.519287
   9            "j"  613  1835.164429 2330.846191 1836.515137
  10            "k" 2362  8923.994141 7591.509277 6941.471191
  11            "l"  969  3072.411621 2492.783203 2712.961914
  12            "m" 1372  2135.382324 2122.774902 2837.044922
  13            "n" 2039  3207.562256 3202.023438 4378.349121
  14            "o"  953  2294.043457 2595.230225 2693.834229
  15            "p" 1122  3508.031250 3635.663574 4839.579102
  16            "r" 2258  4106.892090 4063.897949 5343.858887
  17            "s" 1544  8836.473633 16564.201172 18935.109375
  18            "t" 1399  3667.270020 3143.259277 2802.382324
  19            "u" 1007  1760.876831 1822.659180 2286.230225
  20            "v"   24   46.767681  40.255363  51.585197
  21            "w"  713  1073.687622 1069.817993 1503.020264
  22            "y"  934  1672.570923 1561.768555 2477.938721
  23            "z"   18   27.376123  24.247042  40.740768
  24           "aa" 3588  6747.778809 6697.896973 11662.158203
  25           "ai"    6   15.631386  16.844946 313.059631
  26           "au"   49   80.726532  79.090347  88.018478
  27           "ax"    6   92.785812  26.658834  33.728073
  28           "bh"  395  888.716003 867.282654 1100.605225
  29           "cc"   30  416.741028 288.844757 1669.322388
  30           "ch"  111  226.739639 242.754059 398.528900
  31           "dh"  296  993.540466 566.608948 611.565491
  32           "dx"  235  446.125000 421.060211 460.210052
  33           "ee" 2086  3569.270752 3545.123291 6266.404297
  34           "ei" 1187  1977.302856 1979.897217 13380.908203
  35           "en"    6   23.668911  34.593800 145.519760
  36           "gh"  233  576.351807 533.970154 3002.967041
  37           "ii" 1962  6145.565918 5290.810547 6316.144043
  38           "jh"  128  335.295837 440.662811 590.313599
  39           "jj"    6  382.339233  26.889399 164.676346
  40           "kh"  479  2879.789307 2583.998291 1318.421509
  41           "kk"   14  177.767517  55.373474 267.682098
  42           "la"    6  161.479507  49.208767 311.341064
  43           "ll"    6  415.464447  40.303600  90.637199
  44           "mm"    6   31.226641  30.767691 766.891663
  45           "mq"   12   83.368156  40.927647  29.961172
  46           "ng"  231  1504.356934 1294.191162 8263.416992
  47           "nj"  133  220.967621 218.556747 1115.330200
  48           "nx"  241  1599.717163 1131.150024 2019.920044
  49           "on"  223  2445.749512 1503.980347 8377.133789
  50           "oo"   36   92.633858  91.090996 114.089302
  51           "ou"  393  2868.517334 2340.937500 9985.700195
  52           "ph"  145  1475.558228 1310.675293 1179.958618
  53           "rr"    6  115.705231  25.883524  46.568443
  54           "sh"  390  975.857361 988.312256 1298.097168
  55           "ss"   12   77.391632  54.020218 244.600784
  56           "sx"  187  501.079834 409.945312 1128.547729
  57           "th"  255  477.808899 477.400513 2693.825439
  58           "tt"   24  124.308945 112.299576 481.895081
  59           "tw"   12  354.940155 104.973480 482.341370
  60           "tx"  397  561.396118 562.867493 2758.471436
  61           "uu"  405  1017.576538 1052.484497 1372.350342
  62         "cchx"    6   27.148441  27.275604 192.498215
  63         "ttxh"    6  135.320709  57.057995 271.755920
  64          "aan"  243  362.436005 356.868408 497.903473
  65          "axx"  127  217.641083 221.022263 3198.462402
  66         "dxhq"  128  540.893982 489.937592 668.884949
  67          "cch"    6   74.329124  27.774878 457.122833
  68          "ccx"    6  120.391792  24.355911 429.934845
  69          "ddh"    6   34.197071  15.316809  75.495560
  70          "ddx"   12   57.647343  22.981779  99.812248
  71          "dxh"   37  113.999214  91.132172 224.271805
  72          "dxq"   61  252.821350 267.201508 1014.548889
  73          "ein"    6   38.289425  19.514395  30.170797
  74          "iin"   24  106.400604  68.681847 164.775253
  75          "jhq"    6  125.383591  31.389345 606.781189
  76          "sil" 1820  154441.500000 16772.478516 31563.275391
  77          "ttx"    6   87.931503  22.177814 151.779846
  78          "txh"  122  177.655884 177.174805 361.269958
  79          "uun"    6  108.437721  39.791359 290.789001
