   1            "a" 5455  10380.886719 12719.660156 12421.722656
   2            "b"  854  3162.296875 1692.619385 1461.709595
   3            "c"  558  2572.288330 1661.958862 1169.116089
   4            "d"  991  4156.030762 2145.944336 1584.632080
   5            "e"  193  618.987488 795.774780 1207.093994
   6            "g"  885  1857.068237 2098.509033 5890.153809
   7            "h" 2045  5033.881348 6000.688965 11939.052734
   8            "i" 1341  4885.380859 1909.727661 3086.955811
   9            "j"  613  2333.860840 2086.343018 1667.869141
  10            "k" 2362  9440.940430 4129.012207 3221.629639
  11            "l"  969  3188.936035 1477.594116 2243.562256
  12            "m" 1372  3617.907471 3438.371826 3457.024902
  13            "n" 2039  4226.409180 4464.176270 5480.751953
  14            "o"  953  2664.756836 3980.121582 5030.285645
  15            "p" 1122  4467.534180 2506.737061 3023.633789
  16            "r" 2258  3862.606201 4216.637695 7972.828125
  17            "s" 1544  8469.011719 7587.014160 4006.916260
  18            "t" 1399  5045.593750 2183.703125 2558.987061
  19            "u" 1007  2344.620361 2440.949707 4314.597168
  20            "v"   24   63.811737  88.116081  74.254639
  21            "w"  713  1337.423218 1605.602539 2178.917969
  22            "y"  934  1329.139648 2366.681641 2959.061279
  23            "z"   18   25.674564  47.927193 129.078110
  24           "aa" 3588  12079.369141 14852.175781 19175.490234
  25           "ai"    6   43.094341  33.342113  15.126073
  26           "au"   49  133.912262 213.187149 313.736542
  27           "ax"    6   43.594936  27.004776  17.236557
  28           "bh"  395  1614.097656 1142.481323 852.098877
  29           "cc"   30  176.968521  83.407417  43.729515
  30           "ch"  111  467.995270 435.652496 393.974762
  31           "dh"  296  1445.710327 696.880005 1121.486328
  32           "dx"  235  389.862915 398.488281 646.581116
  33           "ee" 2086  9742.920898 7478.160156 13383.588867
  34           "ei" 1187  5740.282227 5697.807617 15935.228516
  35           "en"    6   19.936008  40.408138  36.167755
  36           "gh"  233  780.617798 529.437744 813.010071
  37           "ii" 1962  6304.153809 9466.844727 13660.664062
  38           "jh"  128  184.836472 225.917908 380.608582
  39           "jj"    6   45.573174  27.419138  31.359350
  40           "kh"  479  1509.828247 1251.515381 1050.640015
  41           "kk"   14  134.231339  80.710320  61.005215
  42           "la"    6   21.850481  20.322262  12.056817
  43           "ll"    6   49.994308  48.585258  19.002289
  44           "mm"    6   14.172221   9.543347  57.373486
  45           "mq"   12  110.001419 176.031616  50.511837
  46           "ng"  231  623.665222 443.156677 334.513123
  47           "nj"  133  227.785217 264.646790 471.895752
  48           "nx"  241  318.158569 384.524353 615.941956
  49           "on"  223  450.312866 740.526428 1240.770020
  50           "oo"   36   85.782074  94.693886 163.545334
  51           "ou"  393  1438.278687 2473.438721 1173.051392
  52           "ph"  145  734.583130 277.839996 937.257812
  53           "rr"    6  104.731636  52.906204  32.088303
  54           "sh"  390  1266.908569 2297.258301 1871.833374
  55           "sp"    0  36618.824219
  56           "ss"   12   50.804970  20.418476  12.744660
  57           "sx"  187  1982.716187 770.098083 922.989563
  58           "th"  255  841.707642 1091.680664 1655.408203
  59           "tt"   24  108.759125 137.641678 258.756989
  60           "tw"   12   54.744331  40.989597  43.443695
  61           "tx"  397  1172.941040 961.544434 1095.070679
  62           "uu"  405  1700.094727 1523.455078 1433.741699
  63         "cchx"    6   31.709454  38.125687  24.334608
  64         "ttxh"    6   46.929596  29.374903  43.989918
  65          "aan"  243  424.284973 741.229797 2625.983398
  66          "axx"  127  287.708313 320.171173 1389.997925
  67         "dxhq"  128  640.433350 810.554199 765.480835
  68          "cch"    6   44.502468  47.085480  75.336754
  69          "ccx"    6   23.300478  71.777832 164.846634
  70          "ddh"    6   26.059946  20.630249  25.524549
  71          "ddx"   12   67.613022  92.082848  75.822266
  72          "dxh"   37  119.010071  81.750557 292.533661
  73          "dxq"   61  132.534042 134.851761 256.580780
  74          "ein"    6   45.066521  26.627905  30.130558
  75          "iin"   24   58.765999 101.547989 206.893066
  76          "jhq"    6  104.555107  33.903069  24.399214
  77          "sil" 1820  132219.421875 36618.824219 23261.283203
  78          "ttx"    6  107.563416  25.015753  84.370018
  79          "txh"  122  403.370300 374.833771 466.754333
  80          "uun"    6   23.450233  45.991383  19.179966
