   1            "a" 5455  10976.808594 11834.708984 12805.464844
   2            "b"  854  3172.556152 1645.647095 1594.620728
   3            "c"  558  2713.786133 1764.444580 914.377136
   4            "d"  991  4238.740234 2255.353516 1755.160645
   5            "e"  193  626.824585 756.612122 1205.394409
   6            "g"  885  2176.234375 1659.031494 5847.603516
   7            "h" 2045  5093.836914 5861.402344 12072.642578
   8            "i" 1341  4644.785156 1948.813477 2911.500244
   9            "j"  613  2450.656006 2139.146240 1730.054932
  10            "k" 2362  9761.680664 4332.019043 3397.292236
  11            "l"  969  3219.990967 2053.666016 2415.798340
  12            "m" 1372  3217.426025 3368.832031 3750.167725
  13            "n" 2039  4230.128906 4415.174805 5698.882324
  14            "o"  953  2757.235107 3957.347900 5294.060059
  15            "p" 1122  4357.622070 2621.173584 3021.976807
  16            "r" 2258  4023.423584 4214.207031 7806.898438
  17            "s" 1544  9276.666016 7395.928223 4096.752441
  18            "t" 1399  4588.166016 2240.866211 2496.851807
  19            "u" 1007  2396.433594 2412.786377 4393.815918
  20            "v"   24   55.794949  79.171326  70.875053
  21            "w"  713  1223.500000 1559.208740 2120.135742
  22            "y"  934  1327.613281 1798.303955 2877.372803
  23            "z"   18   23.811911  38.402306 120.125168
  24           "aa" 3588  12318.272461 14346.870117 19189.810547
  25           "ai"    6   37.515892  34.463146  15.202604
  26           "au"   49  144.300613 205.221497 320.479645
  27           "ax"    6   56.534107  26.169758  13.088295
  28           "bh"  395  1596.195435 1211.868774 921.844360
  29           "cc"   30  192.390869  89.492455  40.081627
  30           "ch"  111  463.234894 430.710541 419.314758
  31           "dh"  296  1424.893555 667.466248 1149.426880
  32           "dx"  235  402.775513 408.814392 569.775208
  33           "ee" 2086  9779.311523 6956.198242 13709.269531
  34           "ei" 1187  5469.207031 4772.177246 15620.396484
  35           "en"    6   21.749657  42.693653  30.921082
  36           "gh"  233  632.360840 488.149780 1018.213867
  37           "ii" 1962  6636.132324 9180.756836 13596.299805
  38           "jh"  128  171.523560 153.305923 194.596191
  39           "jj"    6   45.141541  28.769579  29.450697
  40           "kh"  479  1259.418823 1213.697021 1084.614258
  41           "kk"   14  139.715820  75.085205  62.206360
  42           "la"    6   22.861589  19.212660  10.001132
  43           "ll"    6   51.571404  53.637527  15.318978
  44           "mm"    6   11.825558  13.493334  88.380920
  45           "mq"   12  108.291130 174.751083  44.051163
  46           "ng"  231  664.927795 432.487549 329.322266
  47           "nj"  133  241.840546 223.563766 790.557190
  48           "nx"  241  366.059387 418.470490 643.365723
  49           "on"  223  448.888885 714.335388 1161.408813
  50           "oo"   36   93.964027  88.580589 131.233017
  51           "ou"  393  1401.580078 2691.083252 1135.036499
  52           "ph"  145  830.700378 236.363388 951.778198
  53           "rr"    6  121.111938  49.077709  34.338375
  54           "sh"  390  1303.861694 2370.305908 1924.027832
  55           "sp"    0  34312.062500
  56           "ss"   12   63.829041  15.222123  12.549512
  57           "sx"  187  2156.755371 727.111389 886.808472
  58           "th"  255  744.421814 798.470825 1991.686523
  59           "tt"   24   89.369148 128.813019 251.170578
  60           "tw"   12   55.717220  38.358467  51.237541
  61           "tx"  397  1024.796753 722.025574 1522.951294
  62           "uu"  405  1666.207886 1570.052368 1504.864014
  63         "cchx"    6   31.246277  40.062786  19.340633
  64         "ttxh"    6   73.272476  40.610451  49.645687
  65          "aan"  243  473.620392 679.453186 2323.024414
  66          "axx"  127  285.436493 301.940369 1381.989380
  67         "dxhq"  128  631.532776 810.921753 892.200500
  68          "cch"    6   44.608505  49.810707  79.440590
  69          "ccx"    6   24.844770  78.720413 208.510666
  70          "ddh"    6   26.518629  19.615602  23.785555
  71          "ddx"   12   67.517967  81.378311  71.315224
  72          "dxh"   37  109.186089  88.318405 304.761627
  73          "dxq"   61  128.839096 145.625259 301.903076
  74          "ein"    6   43.271641  23.494932  30.936174
  75          "iin"   24   85.469688 126.931236 203.785370
  76          "jhq"    6  106.153099  36.635651  18.948652
  77          "sil" 1820  134955.421875 34312.062500 22905.716797
  78          "ttx"    6  104.747337  25.000751 101.274925
  79          "txh"  122  356.797699 351.129822 504.279022
  80          "uun"    6   23.886059  49.434490  14.998417
