   1            "a" 5455  19247.025391 19244.878906 35082.171875
   2            "b"  854  2918.368652 2918.363281 5023.955078
   3            "c"  558  1954.853638 1954.799194 3544.593506
   4            "d"  991  3546.837402 3546.722900 6601.603027
   5            "e"  193  672.305237 672.290833 1167.816772
   6            "g"  885  3185.594727 3185.505615 5837.988281
   7            "h" 2045  7260.203613 7260.509766 13934.362305
   8            "i" 1341  4765.420410 4765.315430 8615.576172
   9            "j"  613  2113.310547 2113.285889 3835.392334
  10            "k" 2362  8293.821289 8293.631836 14876.020508
  11            "l"  969  3518.382324 3518.351074 6591.463379
  12            "m" 1372  4907.764160 4907.678711 9004.255859
  13            "n" 2039  7292.495605 7292.412109 13578.312500
  14            "o"  953  3302.108398 3302.080322 5861.813965
  15            "p" 1122  4059.260010 4059.135254 7860.348145
  16            "r" 2258  7917.921875 7917.818359 14538.879883
  17            "s" 1544  5424.245117 5424.260742 9969.333008
  18            "t" 1399  4781.401855 4781.269043 8343.071289
  19            "u" 1007  3506.208496 3506.218750 6277.846191
  20            "v"   24   87.091766  87.089981 158.716812
  21            "w"  713  2527.917725 2527.850830 4634.573242
  22            "y"  934  3351.260254 3351.192627 6365.033691
  23            "z"   18   66.147911  66.147041 122.157990
  24           "aa" 3588  12796.533203 12796.260742 24475.861328
  25           "ai"    6   18.485811  18.485310  28.274380
  26           "au"   49  169.636993 169.633499 297.329926
  27           "ax"    6   20.282749  20.282406  33.668484
  28           "bh"  395  1430.872803 1430.838867 2649.765625
  29           "cc"   30  105.910507 105.908401 185.857620
  30           "ch"  111  383.385925 383.379150 657.319397
  31           "dh"  296  1030.022217 1029.994263 1799.520020
  32           "dx"  235  832.779236 832.767090 1501.241455
  33           "ee" 2086  7367.895996 7367.987793 13526.587891
  34           "ei" 1187  4251.584961 4251.542969 8280.480469
  35           "en"    6   21.773190  21.772875  38.549332
  36           "gh"  233  838.072388 838.082886 1492.728149
  37           "ii" 1962  6930.786133 6930.658203 12939.250977
  38           "jh"  128  422.139771 422.137634 688.165588
  39           "jj"    6   18.619368  18.618883  28.724751
  40           "kh"  479  1712.434814 1712.329712 3289.410156
  41           "kk"   14   45.070988  45.070114  71.621620
  42           "la"    6   21.994738  21.994165  39.485954
  43           "ll"    6   18.703850  18.703348  28.873331
  44           "mm"    6   19.107038  19.106638  30.064318
  45           "mq"   12   39.361866  39.361156  63.580795
  46           "ng"  231  845.186218 845.158020 1536.867432
  47           "nj"  133  453.481323 453.471924 810.298950
  48           "nx"  241  888.734314 888.686340 1655.575073
  49           "on"  223  772.846924 772.828369 1325.091919
  50           "oo"   36  118.744850 118.742775 193.904572
  51           "ou"  393  1300.809448 1300.821777 2133.362305
  52           "ph"  145  512.399231 512.372314 1000.145813
  53           "rr"    6   30.454458  30.453787  93.658241
  54           "sh"  390  1408.174194 1408.121704 2584.086182
  55           "ss"   12   45.656273  45.655449  86.717186
  56           "sx"  187  714.794800 714.775085 1510.094604
  57           "th"  255  904.437866 904.417419 1662.903198
  58           "tt"   24  125.882721 125.881210 590.828125
  59           "tw"   12   41.244171  41.243198  70.572357
  60           "tx"  397  1476.143799 1476.095703 3258.318359
  61           "uu"  405  1446.747925 1446.726929 2689.875732
  62         "cchx"    6   21.162081  21.161484  36.472954
  63         "ttxh"    6   18.923573  18.923000  29.491852
  64          "aan"  243  914.028870 913.978149 1794.818115
  65          "axx"  127  481.186737 481.178253 1070.250122
  66         "dxhq"  128  420.118988 420.111145 680.275635
  67          "cch"    6   20.149319  20.148706  33.091007
  68          "ccx"    6   19.176208  19.175873  30.182318
  69          "ddh"    6   21.358360  21.357958  37.275364
  70          "ddx"   12   40.845585  40.845078  67.858047
  71          "dxh"   37  136.175568 136.173218 257.470123
  72          "dxq"   61  206.597839 206.593216 343.780090
  73          "ein"    6   18.843943  18.843380  29.350491
  74          "iin"   24   76.293884  76.292839 120.177322
  75          "jhq"    6   22.313181  22.312546  40.651138
  76          "sil" 1820  6718.255371 6718.143066 13949.438477
  77          "ttx"    6   20.044996  20.044613  32.901138
  78          "txh"  122  442.208862 442.200226 834.120972
  79          "uun"    6   19.667669  19.667250  31.600626
